1264902160 2292
1264902178 2292
1264902420 2292
1264902439 2262
1264902566 2299
1264905239 2296
1265063972 2296
1265073777 2297
1265158299 2291
1265162299 2291
1265579704 2304
1265695231 2238
1265761743 2238
1265761877 2238
1265761905 2237
1265762090 2239
1265765908 2151
1265765931 2150
1265766192 2186
1265767178 2279
1265767570 2279
1265769179 2295
1265769326 2295
1265775568 2301
1265776782 2304
1265778002 2304
1265929624 2369
1265929687 2370
1265929783 2370
1265930362 2370
1265930433 2370
1265930781 2370
1265931352 2371
1265932204 2371
1265936853 2384
1265936925 2385
1265937293 2383
1265939083 2386
1265941241 2461
1265941314 2461
1265941584 2463
1266020493 2465
1266023728 2599
1266027719 2572
1266028134 2868
1266028261 2868
1266030011 3171
1266030511 3172
1266031194 3173
1266032396 3173
1266032628 3175
1266036599 3219
1266114199 3243
1266114210 3241
1266114323 3258
1266117317 3258
1266132301 3259
1266132471 3404
1266132494 3404
1266359445 3404
1266545859 3404
1266545965 3293
1266561966 3311
1266562400 3311
1266562599 3312
1266603056 3304
1266694502 3309
1266814160 3530
1266814178 3530
1266814254 3525
1266814445 3530
1266814725 3531
1266826048 3531
1266826147 3531
1266826189 3562
1266883041 3562
1266883073 3417
1267031236 3419
1267031270 3419
1267032862 3423
1267032929 3420
1267080817 3542
1267236610 3540
1267665605 3540
1267665982 3540
1267666224 3538
1267666246 3538
1267666307 3538
1267666537 3538
1267666585 3538
1267666761 3538
1267675389 3538
1267741143 3539
1267761654 3539
1267761932 3541
1267761964 3554
1267765229 3554
1267765462 3554
1267767364 3556
1267795789 3556
1267810198 3559
1267812501 3430
1267813479 3430
1267820004 3441
1267824446 3433
1267848698 3438
1267849510 3445
1267849634 3445
1267849761 3445
1267850253 3447
1267850358 3449
1267850450 3449
1267850725 3460
1267852942 3460
1267853777 3460
1267854287 3460
1267932588 3460
1267936042 3460
1267937332 3449
1267983244 3448
1267985152 3448
1267985187 3449
1267986559 3459
1268022669 3459
1268022748 3461
1268025943 3461
1268026455 3457
1268066503 3457
1268067361 3457
1268074861 3497
1268074914 3497
1268074971 3493
1268118164 3495
1268123619 3495
1268152840 3674
1268154917 3675
1268158225 3675
1268158474 3675
1268237132 3675
1268240611 3675
1268241396 3742
1268241472 4000
1268241751 4000
1268242779 4005
1268242892 4007
1268243381 4007
1268243653 4264
1268246125 4264
1268246436 4267
1268246537 4267
1268248690 4267
1268271428 4267
1268271721 4267
1268351455 4271
1268361521 4272
1268361736 4272
1268362215 3818
1268362237 3818
1268362415 3818
1268365023 3819
1268365135 3818
1268365664 3819
1268372573 3843
1268373466 3843
1268425501 4064
1268445212 4111
1268650409 4111
1268650799 4063
1268650855 4063
1268651217 3999
1268651303 3999
1268681200 4014
1268699698 4014
1268700136 4013
1268952675 4014
1268952827 4014
1268954631 4140
1268954717 4042
1268954885 4042
1268958831 4045
1268960381 4045
1268960410 4041
1268968399 4041
1268968500 4041
1268968703 4041
1268968751 4041
1269010737 4045
1269183147 4098
1269185476 4095
1269251505 4094
1269267765 4091
1269283647 4098
1269283672 4095
1269283691 4091
1269284110 4070
1269285590 1895
1269285600 4077
1269285838 4077
1269286260 4076
1269297807 4079
1269299098 4080
1269299324 4024
1269299432 4068
1269299668 4071
1269301127 4032
1269302848 4423
1269304146 4433
1269312636 4433
1269314895 4435
1269317375 4432
1269322029 4432
1269388629 4466
1269388764 4466
1269388822 4465
1269388910 4444
1269391838 4639
1270130431 4693
1270131134 4695
1270131609 4719
1270159165 4747
1270161571 4757
1270162858 4719
1270164717 4585
1270164889 3972
1270165018 4585
1270165754 4585
1270270955 4584
1270425981 4651
1270448151 4656
1270449686 5269
1270449882 4719
1270509052 5171
1270613424 5171
1270614578 5174
1270775654 5224
1270826796 5220
1270880805 5209
1270881376 5211
1270901289 5214
1271021131 5215
1271125921 5214
1271135927 5214
1271186166 5214
1271186310 5216
1271227495 5351
1271229314 4748
1271230383 4750
1271235508 4754
1271235573 4141
1271235587 4128
1271235614 4128
1271240779 4128
1271240824 4132
1271241041 4132
1271241081 4131
1271241226 4131
1271241275 4189
1271241330 4131
1271242509 4155
1271242639 4415
1271242704 4470
1271243055 4476
1271297166 4218
1271298114 4218
1271298251 4218
1271301146 4218
